                                            [0m
                                            [0m
                                            [0m
                                            [0m
                      [38;2;0;0;0m[48;2;19;1;8m▀[38;2;0;0;0m[48;2;54;1;20m▀[38;2;2;0;2m[48;2;70;0;25m▀[38;2;3;0;2m[48;2;92;1;33m▀[38;2;0;0;0m[48;2;30;0;11m▀                 [0m
                [38;2;0;0;0m[48;2;11;22;29m▀[38;2;2;3;5m[48;2;7;11;14m▀ [38;2;0;0;0m[48;2;28;11;19m▀[38;2;11;3;6m[48;2;37;11;21m▀[38;2;44;7;20m[48;2;10;3;5m▀[38;2;50;4;20m[48;2;0;0;0m▀[38;2;22;0;8m[48;2;0;0;0m▀ [38;2;14;0;6m[48;2;0;0;0m▀[38;2;84;1;30m[48;2;58;1;21m▀[38;2;1;0;1m[48;2;34;0;12m▀                [0m
              [38;2;3;16;22m[48;2;10;61;83m▀[38;2;9;36;48m[48;2;12;18;24m▀[38;2;3;8;11m[48;2;21;22;29m▀[38;2;14;10;13m[48;2;20;17;23m▀[38;2;32;18;26m[48;2;2;1;2m▀[38;2;16;7;12m[48;2;0;0;0m▀[38;2;0;0;0m[48;2;41;0;15m▀[38;2;24;0;9m[48;2;116;1;42m▀[38;2;47;0;18m[48;2;81;1;29m▀[38;2;10;0;4m[48;2;106;1;37m▀   [38;2;69;1;24m[48;2;46;1;17m▀[38;2;6;1;3m[48;2;30;4;13m▀[38;2;18;1;7m[48;2;14;1;5m▀[38;2;30;0;11m[48;2;36;0;13m▀[38;2;11;0;5m[48;2;59;1;21m▀            [0m
             [38;2;2;11;15m[48;2;1;1;2m▀[38;2;12;53;71m[48;2;12;48;66m▀[38;2;10;12;16m[48;2;0;0;0m▀    [38;2;77;1;28m[48;2;64;1;23m▀[38;2;31;1;12m[48;2;27;0;10m▀[38;2;21;1;8m[48;2;54;1;19m▀[38;2;65;1;23m[48;2;43;1;16m▀[38;2;17;0;7m[48;2;0;0;0m▀[38;2;0;0;0m[48;2;19;0;7m▀[38;2;0;0;0m[48;2;159;2;57m▀[38;2;128;1;47m[48;2;203;2;73m▀[38;2;99;1;36m[48;2;37;0;14m▀[38;2;0;0;0m[48;2;61;1;22m▀[38;2;70;1;25m[48;2;49;1;18m▀[38;2;25;0;9m[48;2;0;0;0m▀            [0m
              [38;2;5;42;58m[48;2;1;31;43m▀[38;2;1;8;11m[48;2;1;20;27m▀    [38;2;21;0;8m[48;2;0;0;0m▀[38;2;70;1;25m[48;2;5;0;2m▀[38;2;10;0;3m[48;2;29;2;12m▀[38;2;0;0;0m[48;2;90;8;38m▀[38;2;54;3;22m[48;2;149;12;60m▀[38;2;184;6;68m[48;2;81;5;32m▀[38;2;165;3;60m[48;2;22;0;8m▀[38;2;26;0;10m[48;2;75;1;27m▀[38;2;66;1;24m[48;2;37;0;14m▀[38;2;51;1;19m[48;2;0;0;0m▀              [0m
              [38;2;2;18;25m[48;2;1;6;9m▀[38;2;2;31;43m[48;2;8;35;48m▀    [38;2;8;2;5m[48;2;12;3;8m▀[38;2;40;8;21m[48;2;37;7;20m▀[38;2;95;14;45m[48;2;23;4;12m▀[38;2;82;9;36m[48;2;26;0;10m▀[38;2;24;2;10m[48;2;71;1;26m▀[38;2;45;0;17m[48;2;45;1;16m▀[38;2;73;1;26m[48;2;0;0;0m▀[38;2;15;0;6m[48;2;0;0;0m▀                [0m
             [38;2;1;1;2m[48;2;3;28;36m▀[38;2;4;15;20m[48;2;2;9;12m▀[38;2;21;51;70m[48;2;4;9;13m▀   [38;2;0;0;0m[48;2;16;0;6m▀[38;2;0;0;0m[48;2;58;1;21m▀[38;2;18;0;7m[48;2;64;1;24m▀[38;2;61;0;23m[48;2;21;0;8m▀[38;2;61;1;22m[48;2;0;0;0m▀                    [0m
            [38;2;2;26;35m[48;2;7;54;74m▀[38;2;1;20;27m[48;2;3;6;9m▀[38;2;0;0;0m[48;2;15;3;9m▀[38;2;0;0;0m[48;2;42;2;17m▀[38;2;0;0;0m[48;2;64;1;23m▀[38;2;23;0;8m[48;2;56;2;22m▀[38;2;59;1;22m[48;2;19;0;7m▀[38;2;63;1;23m[48;2;0;0;0m▀[38;2;24;0;9m[48;2;0;0;0m▀                       [0m
            [38;2;12;28;41m[48;2;0;0;0m▀[38;2;39;23;41m[48;2;0;0;0m▀[38;2;44;6;22m[48;2;0;0;0m▀[38;2;30;1;12m[48;2;0;0;0m▀ [38;2;30;3;12m[48;2;69;1;24m▀[38;2;0;0;0m[48;2;52;3;20m▀                         [0m
                 [38;2;19;0;7m[48;2;0;0;0m▀[38;2;54;1;20m[48;2;1;0;0m▀[38;2;47;4;19m[48;2;65;3;25m▀[38;2;2;2;2m[48;2;24;2;11m▀  [38;2;0;0;0m[48;2;16;0;6m▀[38;2;1;0;1m[48;2;16;1;6m▀                   [0m
                   [38;2;14;0;6m[48;2;0;0;1m▀[38;2;69;1;25m[48;2;28;0;11m▀[38;2;25;0;9m[48;2;42;1;16m▀[38;2;47;1;17m[48;2;19;0;7m▀[38;2;32;1;12m[48;2;0;0;0m▀                    [0m
          [38;2;2;2;3m[48;2;7;7;8m▀[38;2;15;15;16m[48;2;119;118;119m▀[38;2;0;0;0m[48;2;70;70;70m▀[38;2;0;0;0m[48;2;55;55;55m▀ [38;2;0;0;0m[48;2;44;44;44m▀[38;2;0;0;0m[48;2;64;64;65m▀[38;2;0;0;0m[48;2;53;52;53m▀ [38;2;0;0;0m[48;2;55;55;56m▀[38;2;0;0;0m[48;2;71;71;71m▀[38;2;0;0;0m[48;2;53;53;53m▀[38;2;7;9;9m[48;2;44;44;45m▀[38;2;13;13;14m[48;2;56;55;56m▀[38;2;0;0;0m[48;2;26;26;26m▀[38;2;0;0;0m[48;2;15;17;17m▀[38;2;0;0;0m[48;2;57;0;20m▀[38;2;0;0;1m[48;2;99;1;36m▀[38;2;0;0;1m[48;2;99;1;37m▀[38;2;0;0;0m[48;2;57;0;21m▀[38;2;0;0;0m[48;2;53;0;20m▀[38;2;0;0;1m[48;2;97;1;35m▀[38;2;1;0;1m[48;2;88;1;32m▀[38;2;0;0;1m[48;2;20;0;8m▀          [0m
       [38;2;2;18;23m[48;2;0;6;8m▀[38;2;3;23;29m[48;2;1;7;10m▀ [38;2;9;8;9m[48;2;9;9;10m▀[38;2;107;107;108m[48;2;80;80;81m▀[38;2;40;40;40m[48;2;0;0;0m▀[38;2;101;101;101m[48;2;65;64;65m▀[38;2;32;31;32m[48;2;44;43;44m▀[38;2;87;87;87m[48;2;126;125;126m▀[38;2;109;109;109m[48;2;106;106;106m▀[38;2;141;141;142m[48;2;133;133;134m▀[38;2;49;49;50m[48;2;39;39;40m▀[38;2;96;96;97m[48;2;107;107;108m▀[38;2;33;33;33m[48;2;73;73;73m▀[38;2;25;25;25m[48;2;56;56;56m▀[38;2;43;42;43m[48;2;40;40;41m▀[38;2;130;130;130m[48;2;86;85;86m▀[38;2;106;105;106m[48;2;91;91;92m▀[38;2;7;8;8m[48;2;19;23;22m▀[38;2;91;1;32m[48;2;81;0;28m▀[38;2;14;0;6m[48;2;85;1;31m▀[38;2;10;0;4m[48;2;81;1;30m▀[38;2;87;0;31m[48;2;82;0;29m▀[38;2;69;1;25m[48;2;29;0;11m▀[38;2;96;1;34m[48;2;86;1;31m▀[38;2;91;1;33m[48;2;108;1;39m▀[38;2;30;0;12m[48;2;56;1;21m▀ [38;2;25;0;9m[48;2;8;0;4m▀[38;2;26;0;10m[48;2;9;0;4m▀       [0m
           [38;2;8;8;9m[48;2;0;0;0m▀ [38;2;7;7;8m[48;2;0;0;0m▀ [38;2;19;19;20m[48;2;0;0;0m▀[38;2;30;30;31m[48;2;0;0;0m▀[38;2;24;24;25m[48;2;0;0;0m▀ [38;2;21;21;22m[48;2;0;0;0m▀[38;2;34;34;35m[48;2;0;0;0m▀[38;2;26;26;27m[48;2;0;0;0m▀   [38;2;9;10;10m[48;2;0;0;0m▀ [38;2;31;0;12m[48;2;0;0;0m▀[38;2;31;0;12m[48;2;0;0;0m▀  [38;2;31;0;12m[48;2;0;0;0m▀[38;2;27;0;11m[48;2;0;0;0m▀           [0m
                                            [0m
                                            [0m
                                            [0m
                                            [0m
